2 1
3 1
4 1
5 1
6 1
7 1
8 1
8 2
8 3
8 4
8 5
8 6
8 7
8 8
8 9
8 10
8 9
8 8
8 7
8 6
8 5
8 4
8 3
8 2
8 1
7 1
6 1
7 1
8 1
8 2
8 3
8 4
8 5
8 6
9 6
9 7
9 8
9 7
9 6
8 6
8 5
8 4
8 3
8 2
8 1
7 1
6 1
7 1
8 1
9 1
10 1
11 1
12 1
13 1
12 1
11 1
10 1
9 1
8 1
7 1
6 1
7 1
8 1
8 2
8 3
8 4
8 5
8 6
8 7
8 8
8 9
8 10
8 11
9 11
10 11
11 11
12 11
13 11
13 12
13 13
13 14
14 14
14 15
14 16
15 16
16 16
16 17
16 18
16 19
16 18
16 17
16 16
15 16
14 16
14 15
14 14
13 14
13 13
12 13
11 13
11 14
11 15
11 16
11 17
10 17
10 18
10 19
10 20
10 21
9 21
9 22
9 23
9 24
8 24
7 24
7 25
6 25
6 26
6 27
6 28
6 29
5 29
5 30
5 31
5 32
6 32
6 33
6 34
6 35
6 36
6 37
6 38
6 39
6 40
6 39
6 38
6 37
6 36
6 35
6 36
6 37
6 38
6 39
6 40
6 41
6 42
6 43
6 44
6 45
6 46
6 47
6 48
5 48
4 48
3 48
2 48
2 49
2 48
3 48
4 48
5 48
6 48
6 47
7 47
7 46
8 46
9 46
10 46
11 46
12 46
13 46
14 46
14 45
15 45
15 44
16 44
16 43
17 43
17 42
17 41
17 42
17 43
16 43
16 44
15 44
15 45
14 45
14 46
13 46
14 46
15 46
16 46
17 46
18 46
19 46
18 46
17 46
16 46
15 46
14 46
13 46
14 46
14 45
15 45
15 44
15 43
15 42
15 41
15 40
15 39
15 38
15 37
16 37
16 36
16 35
17 35
17 34
17 33
17 32
17 31
17 30
18 30
18 29
18 30
17 30
17 31
17 32
17 33
17 34
17 35
16 35
16 34
16 33
16 32
17 32
17 31
18 31
18 30
19 30
19 29
19 28
19 27
19 26
20 26
20 27
21 27
22 27
21 27
20 27
20 26
19 26
20 26
20 27
21 27
21 28
21 29
22 29
22 30
22 31
22 32
23 32
23 33
23 34
23 35
23 36
23 37
23 38
23 39
23 40
22 40
22 41
22 42
23 42
23 43
24 43
23 43
23 42
22 42
22 41
22 40
23 40
23 39
23 38
23 37
23 36
23 35
23 34
24 34
24 33
24 32
25 32
26 32
27 32
28 32
27 32
26 32
25 32
24 32
24 33
24 34
23 34
24 34
24 33
25 33
26 33
26 34
26 35
26 36
25 36
26 36
26 37
26 38
26 39
26 40
26 41
27 41
27 42
27 43
27 44
27 45
27 46
27 45
27 44
27 43
27 42
27 41
28 41
29 41
30 41
31 41
32 41
32 40
32 39
32 38
33 38
34 38
34 37
34 36
35 36
36 36
37 36
37 37
37 38
37 39
37 38
37 37
37 36
36 36
37 36
37 35
38 35
38 34
38 33
37 33
36 33
36 32
35 32
35 31
35 30
35 29
36 29
36 28
36 27
36 26
36 25
36 24
36 23
36 22
36 21
36 20
36 19
36 18
36 17
36 16
36 15
37 15
38 15
39 15
40 15
40 16
40 17
40 16
40 15
39 15
38 15
37 15
36 15
36 16
36 17
36 16
36 15
36 14
36 13
36 12
36 11
35 11
34 11
33 11
32 11
31 11
30 11
29 11
28 11
28 10
27 10
27 9
27 8
26 8
26 7
26 6
25 6
25 5
24 5
24 4
24 3
24 2
23 2
24 2
24 3
24 4
24 5
25 5
25 6
26 6
25 6
25 5
25 4
25 3
25 4
25 5
25 6
26 6
27 6
27 5
27 4
27 3
27 2
28 2
29 2
28 2
27 2
27 3
27 4
27 5
27 6
26 6
25 6
24 6
23 6
22 6
21 6
20 6
19 6
18 6
17 6
16 6
15 6
15 7
15 8
15 9
15 10
15 11
16 11
16 12
17 12
18 12
19 12
20 12
21 12
22 12
23 12
24 12
25 12
26 12
26 13
25 13
24 13
23 13
23 14
23 15
23 16
23 17
24 17
25 17
24 17
23 17
23 16
23 15
23 14
23 13
24 13
25 13
26 13
27 13
27 12
27 11
27 10
27 9
28 9
29 9
29 8
30 8
31 8
32 8
32 7
33 7
34 7
34 6
35 6
35 7
35 8
35 9
35 10
35 11
36 11
36 12
36 13
36 14
36 15
36 16
36 17
36 18
36 19
36 20
36 21
36 22
36 23
36 24
36 25
36 26
37 26
38 26
38 25
39 25
40 25
41 25
42 25
42 24
42 23
42 22
42 21
42 22
42 23
42 24
42 25
41 25
40 25
39 25
38 25
38 26
37 26
36 26
36 27
36 28
36 29
35 29
35 30
35 31
35 32
36 32
36 33
37 33
38 33
38 34
38 35
37 35
37 36
37 37
37 38
37 39
38 39
38 40
38 41
37 41
37 42
37 43
37 42
37 41
38 41
39 41
40 41
41 41
41 42
41 43
41 44
40 44
39 44
40 44
41 44
41 43
41 42
41 41
40 41
39 41
38 41
37 41
37 42
37 43
37 42
37 41
38 41
39 41
39 40
39 39
39 38
40 38
40 37
40 36
40 35
40 34
40 33
40 32
41 32
42 32
42 31
42 30
42 29
42 28
42 27
42 26
43 26
44 26
45 26
46 26
46 27
46 28
46 29
46 30
47 30
48 30
49 30
48 30
47 30
46 30
46 29
46 28
46 27
46 26
45 26
46 26
46 27
46 28
46 29
46 30
47 30
47 31
47 32
47 33
48 33
48 34
49 34
48 34
48 33
47 33
47 32
47 31
47 30
46 30
46 29
46 28
46 27
46 26
45 26
46 26
46 25
46 24
46 23
46 22
46 21
46 20
46 19
46 18
46 17
46 16
47 16
47 15
47 14
47 13
47 12
47 11
47 10
47 9
47 8
47 7
47 6
47 5
47 4
47 3
47 2
47 1
47 2
47 3
47 4
47 5
47 6
47 7
45 26
46 26
46 27
46 28
46 29
46 30
46 31
46 32
47 32
47 33
48 33
48 34
48 35
47 35
46 35
46 36
46 37
46 38
47 38
47 39
48 39
48 40
47 40
47 41
46 41
45 41
45 42
45 43
46 43
46 44
47 44
47 45
47 46
47 45
47 44
46 44
46 43
45 43
45 42
45 41
46 41
47 41
47 40
48 40
48 39
48 40
47 40
47 41
46 41
45 41
45 42
45 43
46 43
46 44
